+---------------+---------+---------+----------+
|   Noisy Level |      PU |      AU |     M PU |
+===============+=========+=========+==========+
|       0.05000 | 1.15985 | 1.17518 |  0.00150 |
+---------------+---------+---------+----------+
|       0.10000 | 1.15872 | 1.17457 |  0.00162 |
+---------------+---------+---------+----------+
|       0.15000 | 1.15719 | 1.17688 |  0.00175 |
+---------------+---------+---------+----------+
|       0.20000 | 1.15761 | 1.17781 |  0.00266 |
+---------------+---------+---------+----------+
|       0.25000 | 1.15816 | 1.17804 |  0.00060 |
+---------------+---------+---------+----------+
|       0.30000 | 1.16006 | 1.17792 |  0.00087 |
+---------------+---------+---------+----------+
|       0.35000 | 1.16093 | 1.17653 |  0.00114 |
+---------------+---------+---------+----------+
|       0.40000 | 1.15889 | 1.17486 |  0.00216 |
+---------------+---------+---------+----------+
|       0.45000 | 1.15675 | 1.17744 |  0.00125 |
+---------------+---------+---------+----------+
|       0.50000 | 1.16255 | 1.17567 |  0.00296 |
+---------------+---------+---------+----------+
|       0.55000 | 1.16431 | 1.17720 |  0.00061 |
+---------------+---------+---------+----------+
|       0.60000 | 1.15894 | 1.18033 |  0.00093 |
+---------------+---------+---------+----------+
|       0.65000 | 1.15365 | 1.17784 |  0.00080 |
+---------------+---------+---------+----------+
|       0.70000 | 1.16223 | 1.17817 |  0.00054 |
+---------------+---------+---------+----------+
|       0.75000 | 1.15298 | 1.18036 |  0.00185 |
+---------------+---------+---------+----------+
|       0.80000 | 1.15082 | 1.17626 |  0.00367 |
+---------------+---------+---------+----------+
|       0.85000 | 1.15791 | 1.17883 | -0.00535 |
+---------------+---------+---------+----------+
|       0.90000 | 1.14942 | 1.17311 | -0.00172 |
+---------------+---------+---------+----------+
|       0.95000 | 1.15702 | 1.17643 |  0.00075 |
+---------------+---------+---------+----------+
|       1.00000 | 1.17107 | 1.17723 | -0.00441 |
+---------------+---------+---------+----------+