+---------------+---------+---------+---------+
|   Noisy Level |      PU |      AU |    M PU |
+===============+=========+=========+=========+
|       0.05000 | 1.28252 | 1.28055 | 0.00553 |
+---------------+---------+---------+---------+
|       0.10000 | 1.28325 | 1.28057 | 0.00521 |
+---------------+---------+---------+---------+
|       0.15000 | 1.28124 | 1.27745 | 0.00530 |
+---------------+---------+---------+---------+
|       0.20000 | 1.28025 | 1.28075 | 0.00432 |
+---------------+---------+---------+---------+
|       0.25000 | 1.28001 | 1.27862 | 0.00640 |
+---------------+---------+---------+---------+
|       0.30000 | 1.28268 | 1.28394 | 0.00441 |
+---------------+---------+---------+---------+
|       0.35000 | 1.28064 | 1.27991 | 0.00467 |
+---------------+---------+---------+---------+
|       0.40000 | 1.28221 | 1.27697 | 0.00661 |
+---------------+---------+---------+---------+
|       0.45000 | 1.28663 | 1.28013 | 0.00322 |
+---------------+---------+---------+---------+
|       0.50000 | 1.27614 | 1.28139 | 0.00703 |
+---------------+---------+---------+---------+
|       0.55000 | 1.28709 | 1.27925 | 0.00745 |
+---------------+---------+---------+---------+
|       0.60000 | 1.27897 | 1.28138 | 0.00338 |
+---------------+---------+---------+---------+
|       0.65000 | 1.27957 | 1.27871 | 0.00876 |
+---------------+---------+---------+---------+
|       0.70000 | 1.27508 | 1.28110 | 0.00557 |
+---------------+---------+---------+---------+
|       0.75000 | 1.28789 | 1.28063 | 0.00691 |
+---------------+---------+---------+---------+
|       0.80000 | 1.27154 | 1.27960 | 0.00301 |
+---------------+---------+---------+---------+
|       0.85000 | 1.27195 | 1.27884 | 0.00858 |
+---------------+---------+---------+---------+
|       0.90000 | 1.28156 | 1.27843 | 0.00334 |
+---------------+---------+---------+---------+
|       0.95000 | 1.28482 | 1.27828 | 0.00860 |
+---------------+---------+---------+---------+
|       1.00000 | 1.26964 | 1.27848 | 0.00798 |
+---------------+---------+---------+---------+