+---------------+---------+---------+---------+
|   Noisy Level |      PU |      AU |    M PU |
+===============+=========+=========+=========+
|       0.05000 | 1.42103 | 1.40858 | 0.02763 |
+---------------+---------+---------+---------+
|       0.10000 | 1.42209 | 1.40934 | 0.02747 |
+---------------+---------+---------+---------+
|       0.15000 | 1.41977 | 1.40845 | 0.02709 |
+---------------+---------+---------+---------+
|       0.20000 | 1.42017 | 1.40780 | 0.02806 |
+---------------+---------+---------+---------+
|       0.25000 | 1.42089 | 1.40716 | 0.02797 |
+---------------+---------+---------+---------+
|       0.30000 | 1.41726 | 1.40925 | 0.02707 |
+---------------+---------+---------+---------+
|       0.35000 | 1.41857 | 1.40458 | 0.02678 |
+---------------+---------+---------+---------+
|       0.40000 | 1.41923 | 1.40783 | 0.02894 |
+---------------+---------+---------+---------+
|       0.45000 | 1.41915 | 1.40783 | 0.02791 |
+---------------+---------+---------+---------+
|       0.50000 | 1.41526 | 1.40899 | 0.02946 |
+---------------+---------+---------+---------+
|       0.55000 | 1.41885 | 1.40744 | 0.02832 |
+---------------+---------+---------+---------+
|       0.60000 | 1.41913 | 1.40644 | 0.02732 |
+---------------+---------+---------+---------+
|       0.65000 | 1.40754 | 1.40930 | 0.03329 |
+---------------+---------+---------+---------+
|       0.70000 | 1.42122 | 1.40878 | 0.02718 |
+---------------+---------+---------+---------+
|       0.75000 | 1.42648 | 1.40743 | 0.02548 |
+---------------+---------+---------+---------+
|       0.80000 | 1.41265 | 1.40857 | 0.02807 |
+---------------+---------+---------+---------+
|       0.85000 | 1.41108 | 1.40618 | 0.02424 |
+---------------+---------+---------+---------+
|       0.90000 | 1.41937 | 1.40730 | 0.02645 |
+---------------+---------+---------+---------+
|       0.95000 | 1.41500 | 1.40839 | 0.03091 |
+---------------+---------+---------+---------+
|       1.00000 | 1.40668 | 1.40546 | 0.03308 |
+---------------+---------+---------+---------+