+---------------+---------+---------+---------+
|   Noisy Level |      PU |      AU |    M PU |
+===============+=========+=========+=========+
|       0.05000 | 1.09051 | 1.11080 | 0.01929 |
+---------------+---------+---------+---------+
|       0.10000 | 1.09084 | 1.11037 | 0.01899 |
+---------------+---------+---------+---------+
|       0.15000 | 1.09034 | 1.10946 | 0.02015 |
+---------------+---------+---------+---------+
|       0.20000 | 1.08818 | 1.10670 | 0.01935 |
+---------------+---------+---------+---------+
|       0.25000 | 1.09177 | 1.11284 | 0.01980 |
+---------------+---------+---------+---------+
|       0.30000 | 1.08987 | 1.10901 | 0.01987 |
+---------------+---------+---------+---------+
|       0.35000 | 1.09709 | 1.11087 | 0.01785 |
+---------------+---------+---------+---------+
|       0.40000 | 1.08984 | 1.10410 | 0.01992 |
+---------------+---------+---------+---------+
|       0.45000 | 1.08837 | 1.11158 | 0.01892 |
+---------------+---------+---------+---------+
|       0.50000 | 1.09255 | 1.10923 | 0.01995 |
+---------------+---------+---------+---------+
|       0.55000 | 1.09717 | 1.10557 | 0.02110 |
+---------------+---------+---------+---------+
|       0.60000 | 1.09713 | 1.11048 | 0.01953 |
+---------------+---------+---------+---------+
|       0.65000 | 1.09454 | 1.11271 | 0.01846 |
+---------------+---------+---------+---------+
|       0.70000 | 1.09172 | 1.10779 | 0.01943 |
+---------------+---------+---------+---------+
|       0.75000 | 1.09101 | 1.10650 | 0.01624 |
+---------------+---------+---------+---------+
|       0.80000 | 1.09493 | 1.10894 | 0.01944 |
+---------------+---------+---------+---------+
|       0.85000 | 1.09642 | 1.10922 | 0.01437 |
+---------------+---------+---------+---------+
|       0.90000 | 1.09191 | 1.11204 | 0.01735 |
+---------------+---------+---------+---------+
|       0.95000 | 1.09565 | 1.11012 | 0.01691 |
+---------------+---------+---------+---------+
|       1.00000 | 1.09180 | 1.10909 | 0.02470 |
+---------------+---------+---------+---------+