+---------------+---------+---------+---------+
|   Noisy Level |      PU |      AU |    M PU |
+===============+=========+=========+=========+
|       0.05000 | 1.21560 | 1.22035 | 0.01993 |
+---------------+---------+---------+---------+
|       0.10000 | 1.21638 | 1.22215 | 0.01962 |
+---------------+---------+---------+---------+
|       0.15000 | 1.21513 | 1.22250 | 0.01988 |
+---------------+---------+---------+---------+
|       0.20000 | 1.21813 | 1.22242 | 0.01944 |
+---------------+---------+---------+---------+
|       0.25000 | 1.21777 | 1.22394 | 0.02062 |
+---------------+---------+---------+---------+
|       0.30000 | 1.21326 | 1.22272 | 0.01996 |
+---------------+---------+---------+---------+
|       0.35000 | 1.21715 | 1.22375 | 0.02186 |
+---------------+---------+---------+---------+
|       0.40000 | 1.21665 | 1.22309 | 0.02016 |
+---------------+---------+---------+---------+
|       0.45000 | 1.21544 | 1.22450 | 0.02013 |
+---------------+---------+---------+---------+
|       0.50000 | 1.21736 | 1.22479 | 0.01955 |
+---------------+---------+---------+---------+
|       0.55000 | 1.21339 | 1.22185 | 0.01903 |
+---------------+---------+---------+---------+
|       0.60000 | 1.21057 | 1.21966 | 0.02120 |
+---------------+---------+---------+---------+
|       0.65000 | 1.21774 | 1.22320 | 0.02082 |
+---------------+---------+---------+---------+
|       0.70000 | 1.21273 | 1.22132 | 0.01983 |
+---------------+---------+---------+---------+
|       0.75000 | 1.22008 | 1.22386 | 0.02194 |
+---------------+---------+---------+---------+
|       0.80000 | 1.20923 | 1.22196 | 0.01738 |
+---------------+---------+---------+---------+
|       0.85000 | 1.20779 | 1.22270 | 0.02106 |
+---------------+---------+---------+---------+
|       0.90000 | 1.22417 | 1.22600 | 0.01776 |
+---------------+---------+---------+---------+
|       0.95000 | 1.21854 | 1.22201 | 0.02171 |
+---------------+---------+---------+---------+
|       1.00000 | 1.22600 | 1.22460 | 0.02284 |
+---------------+---------+---------+---------+