+---------------+---------+---------+---------+
|   Noisy Level |      PU |      AU |    M PU |
+===============+=========+=========+=========+
|       0.05000 | 1.42980 | 1.40272 | 0.01768 |
+---------------+---------+---------+---------+
|       0.10000 | 1.42959 | 1.40598 | 0.01850 |
+---------------+---------+---------+---------+
|       0.15000 | 1.42873 | 1.40469 | 0.01835 |
+---------------+---------+---------+---------+
|       0.20000 | 1.43108 | 1.40525 | 0.01790 |
+---------------+---------+---------+---------+
|       0.25000 | 1.42575 | 1.40450 | 0.01918 |
+---------------+---------+---------+---------+
|       0.30000 | 1.42864 | 1.40638 | 0.01935 |
+---------------+---------+---------+---------+
|       0.35000 | 1.42472 | 1.40647 | 0.01708 |
+---------------+---------+---------+---------+
|       0.40000 | 1.42849 | 1.40392 | 0.01661 |
+---------------+---------+---------+---------+
|       0.45000 | 1.42635 | 1.40603 | 0.01803 |
+---------------+---------+---------+---------+
|       0.50000 | 1.42708 | 1.40205 | 0.01838 |
+---------------+---------+---------+---------+
|       0.55000 | 1.42304 | 1.40392 | 0.01808 |
+---------------+---------+---------+---------+
|       0.60000 | 1.41871 | 1.40422 | 0.02032 |
+---------------+---------+---------+---------+
|       0.65000 | 1.41759 | 1.40497 | 0.02193 |
+---------------+---------+---------+---------+
|       0.70000 | 1.41752 | 1.40441 | 0.02336 |
+---------------+---------+---------+---------+
|       0.75000 | 1.42129 | 1.40530 | 0.02232 |
+---------------+---------+---------+---------+
|       0.80000 | 1.41985 | 1.40486 | 0.01405 |
+---------------+---------+---------+---------+
|       0.85000 | 1.41603 | 1.40800 | 0.01996 |
+---------------+---------+---------+---------+
|       0.90000 | 1.41331 | 1.40518 | 0.01958 |
+---------------+---------+---------+---------+
|       0.95000 | 1.42837 | 1.40496 | 0.02381 |
+---------------+---------+---------+---------+
|       1.00000 | 1.42149 | 1.40524 | 0.01355 |
+---------------+---------+---------+---------+