+---------------+---------+---------+---------+
|   Noisy Level |      PU |      AU |    M PU |
+===============+=========+=========+=========+
|       0.05000 | 1.32753 | 1.31576 | 0.00367 |
+---------------+---------+---------+---------+
|       0.10000 | 1.32722 | 1.31498 | 0.00401 |
+---------------+---------+---------+---------+
|       0.15000 | 1.32734 | 1.31358 | 0.00368 |
+---------------+---------+---------+---------+
|       0.20000 | 1.32776 | 1.31535 | 0.00362 |
+---------------+---------+---------+---------+
|       0.25000 | 1.32901 | 1.31332 | 0.00409 |
+---------------+---------+---------+---------+
|       0.30000 | 1.32773 | 1.31220 | 0.00300 |
+---------------+---------+---------+---------+
|       0.35000 | 1.32691 | 1.31554 | 0.00435 |
+---------------+---------+---------+---------+
|       0.40000 | 1.32971 | 1.31153 | 0.00403 |
+---------------+---------+---------+---------+
|       0.45000 | 1.32744 | 1.31357 | 0.00391 |
+---------------+---------+---------+---------+
|       0.50000 | 1.32507 | 1.31299 | 0.00550 |
+---------------+---------+---------+---------+
|       0.55000 | 1.32455 | 1.31366 | 0.00539 |
+---------------+---------+---------+---------+
|       0.60000 | 1.31870 | 1.31853 | 0.00414 |
+---------------+---------+---------+---------+
|       0.65000 | 1.32339 | 1.31443 | 0.00405 |
+---------------+---------+---------+---------+
|       0.70000 | 1.33515 | 1.31138 | 0.00277 |
+---------------+---------+---------+---------+
|       0.75000 | 1.32810 | 1.31602 | 0.00509 |
+---------------+---------+---------+---------+
|       0.80000 | 1.33645 | 1.31201 | 0.00280 |
+---------------+---------+---------+---------+
|       0.85000 | 1.32348 | 1.31479 | 0.00661 |
+---------------+---------+---------+---------+
|       0.90000 | 1.32691 | 1.31521 | 0.00276 |
+---------------+---------+---------+---------+
|       0.95000 | 1.31703 | 1.31375 | 0.00498 |
+---------------+---------+---------+---------+
|       1.00000 | 1.32244 | 1.31177 | 0.00598 |
+---------------+---------+---------+---------+