+---------------+---------+---------+----------+
|   Noisy Level |      PU |      AU |     M PU |
+===============+=========+=========+==========+
|       0.05000 | 1.34605 | 1.33041 |  0.00399 |
+---------------+---------+---------+----------+
|       0.10000 | 1.34609 | 1.32950 |  0.00381 |
+---------------+---------+---------+----------+
|       0.15000 | 1.34516 | 1.32977 |  0.00408 |
+---------------+---------+---------+----------+
|       0.20000 | 1.34432 | 1.32610 |  0.00349 |
+---------------+---------+---------+----------+
|       0.25000 | 1.34525 | 1.32701 |  0.00479 |
+---------------+---------+---------+----------+
|       0.30000 | 1.34214 | 1.33071 |  0.00242 |
+---------------+---------+---------+----------+
|       0.35000 | 1.33911 | 1.32881 |  0.00387 |
+---------------+---------+---------+----------+
|       0.40000 | 1.34400 | 1.33100 |  0.00479 |
+---------------+---------+---------+----------+
|       0.45000 | 1.34565 | 1.33063 |  0.00317 |
+---------------+---------+---------+----------+
|       0.50000 | 1.34438 | 1.33112 |  0.00437 |
+---------------+---------+---------+----------+
|       0.55000 | 1.34061 | 1.32829 |  0.00111 |
+---------------+---------+---------+----------+
|       0.60000 | 1.33793 | 1.32902 |  0.00147 |
+---------------+---------+---------+----------+
|       0.65000 | 1.34177 | 1.32960 |  0.00407 |
+---------------+---------+---------+----------+
|       0.70000 | 1.33929 | 1.32921 |  0.00362 |
+---------------+---------+---------+----------+
|       0.75000 | 1.33954 | 1.32752 |  0.00124 |
+---------------+---------+---------+----------+
|       0.80000 | 1.34323 | 1.32874 |  0.00286 |
+---------------+---------+---------+----------+
|       0.85000 | 1.33717 | 1.32848 |  0.00534 |
+---------------+---------+---------+----------+
|       0.90000 | 1.34405 | 1.32863 |  0.00425 |
+---------------+---------+---------+----------+
|       0.95000 | 1.32880 | 1.33169 | -0.00048 |
+---------------+---------+---------+----------+
|       1.00000 | 1.33926 | 1.33069 | -0.00206 |
+---------------+---------+---------+----------+