+---------------+---------+---------+---------+
|   Noisy Level |      PU |      AU |    M PU |
+===============+=========+=========+=========+
|       0.05000 | 1.24332 | 1.25448 | 0.02502 |
+---------------+---------+---------+---------+
|       0.10000 | 1.24323 | 1.25206 | 0.02495 |
+---------------+---------+---------+---------+
|       0.15000 | 1.24339 | 1.25584 | 0.02560 |
+---------------+---------+---------+---------+
|       0.20000 | 1.24345 | 1.25301 | 0.02526 |
+---------------+---------+---------+---------+
|       0.25000 | 1.24274 | 1.25571 | 0.02562 |
+---------------+---------+---------+---------+
|       0.30000 | 1.24037 | 1.25603 | 0.02681 |
+---------------+---------+---------+---------+
|       0.35000 | 1.24337 | 1.25717 | 0.02407 |
+---------------+---------+---------+---------+
|       0.40000 | 1.24265 | 1.25735 | 0.02576 |
+---------------+---------+---------+---------+
|       0.45000 | 1.24021 | 1.25729 | 0.02386 |
+---------------+---------+---------+---------+
|       0.50000 | 1.23956 | 1.25588 | 0.02508 |
+---------------+---------+---------+---------+
|       0.55000 | 1.24232 | 1.25510 | 0.02583 |
+---------------+---------+---------+---------+
|       0.60000 | 1.24256 | 1.25297 | 0.02601 |
+---------------+---------+---------+---------+
|       0.65000 | 1.24014 | 1.25487 | 0.02661 |
+---------------+---------+---------+---------+
|       0.70000 | 1.24275 | 1.25233 | 0.02609 |
+---------------+---------+---------+---------+
|       0.75000 | 1.24210 | 1.25402 | 0.02793 |
+---------------+---------+---------+---------+
|       0.80000 | 1.23427 | 1.25277 | 0.02931 |
+---------------+---------+---------+---------+
|       0.85000 | 1.24023 | 1.25266 | 0.02733 |
+---------------+---------+---------+---------+
|       0.90000 | 1.23043 | 1.25571 | 0.02808 |
+---------------+---------+---------+---------+
|       0.95000 | 1.23911 | 1.25642 | 0.02598 |
+---------------+---------+---------+---------+
|       1.00000 | 1.24353 | 1.25536 | 0.02873 |
+---------------+---------+---------+---------+