+---------------+---------+---------+---------+
|   Noisy Level |      PU |      AU |    M PU |
+===============+=========+=========+=========+
|       0.05000 | 1.25315 | 1.27109 | 0.00662 |
+---------------+---------+---------+---------+
|       0.10000 | 1.25352 | 1.27236 | 0.00704 |
+---------------+---------+---------+---------+
|       0.15000 | 1.25324 | 1.27106 | 0.00731 |
+---------------+---------+---------+---------+
|       0.20000 | 1.25086 | 1.27285 | 0.00790 |
+---------------+---------+---------+---------+
|       0.25000 | 1.25042 | 1.27393 | 0.00640 |
+---------------+---------+---------+---------+
|       0.30000 | 1.25044 | 1.27220 | 0.00782 |
+---------------+---------+---------+---------+
|       0.35000 | 1.25740 | 1.27030 | 0.00666 |
+---------------+---------+---------+---------+
|       0.40000 | 1.25243 | 1.27008 | 0.00727 |
+---------------+---------+---------+---------+
|       0.45000 | 1.26196 | 1.27416 | 0.00378 |
+---------------+---------+---------+---------+
|       0.50000 | 1.25057 | 1.27067 | 0.00610 |
+---------------+---------+---------+---------+
|       0.55000 | 1.25138 | 1.27193 | 0.00597 |
+---------------+---------+---------+---------+
|       0.60000 | 1.25192 | 1.27317 | 0.00741 |
+---------------+---------+---------+---------+
|       0.65000 | 1.25390 | 1.27224 | 0.00418 |
+---------------+---------+---------+---------+
|       0.70000 | 1.24887 | 1.27371 | 0.00487 |
+---------------+---------+---------+---------+
|       0.75000 | 1.24423 | 1.26869 | 0.00480 |
+---------------+---------+---------+---------+
|       0.80000 | 1.25214 | 1.27323 | 0.00421 |
+---------------+---------+---------+---------+
|       0.85000 | 1.25777 | 1.27381 | 0.00560 |
+---------------+---------+---------+---------+
|       0.90000 | 1.25542 | 1.27209 | 0.00809 |
+---------------+---------+---------+---------+
|       0.95000 | 1.25225 | 1.27155 | 0.00961 |
+---------------+---------+---------+---------+
|       1.00000 | 1.24702 | 1.27300 | 0.00384 |
+---------------+---------+---------+---------+