+---------------+---------+---------+---------+
|   Noisy Level |      PU |      AU |    M PU |
+===============+=========+=========+=========+
|       0.05000 | 1.37972 | 1.36575 | 0.01987 |
+---------------+---------+---------+---------+
|       0.10000 | 1.37900 | 1.36462 | 0.01961 |
+---------------+---------+---------+---------+
|       0.15000 | 1.37701 | 1.36442 | 0.01957 |
+---------------+---------+---------+---------+
|       0.20000 | 1.37777 | 1.36556 | 0.01972 |
+---------------+---------+---------+---------+
|       0.25000 | 1.37637 | 1.36366 | 0.02048 |
+---------------+---------+---------+---------+
|       0.30000 | 1.37695 | 1.36350 | 0.02007 |
+---------------+---------+---------+---------+
|       0.35000 | 1.37353 | 1.36435 | 0.02014 |
+---------------+---------+---------+---------+
|       0.40000 | 1.37798 | 1.36520 | 0.02032 |
+---------------+---------+---------+---------+
|       0.45000 | 1.37764 | 1.36571 | 0.02041 |
+---------------+---------+---------+---------+
|       0.50000 | 1.37774 | 1.36431 | 0.01973 |
+---------------+---------+---------+---------+
|       0.55000 | 1.37696 | 1.36434 | 0.01935 |
+---------------+---------+---------+---------+
|       0.60000 | 1.37725 | 1.36535 | 0.01852 |
+---------------+---------+---------+---------+
|       0.65000 | 1.37767 | 1.36408 | 0.02170 |
+---------------+---------+---------+---------+
|       0.70000 | 1.37432 | 1.36320 | 0.02034 |
+---------------+---------+---------+---------+
|       0.75000 | 1.37327 | 1.36617 | 0.02173 |
+---------------+---------+---------+---------+
|       0.80000 | 1.38019 | 1.36468 | 0.01985 |
+---------------+---------+---------+---------+
|       0.85000 | 1.37537 | 1.36387 | 0.02124 |
+---------------+---------+---------+---------+
|       0.90000 | 1.38866 | 1.36276 | 0.01513 |
+---------------+---------+---------+---------+
|       0.95000 | 1.37979 | 1.36417 | 0.01750 |
+---------------+---------+---------+---------+
|       1.00000 | 1.37448 | 1.36503 | 0.01982 |
+---------------+---------+---------+---------+