+---------------+---------+---------+---------+
|   Noisy Level |      PU |      AU |    M PU |
+===============+=========+=========+=========+
|       0.05000 | 1.27677 | 1.26635 | 0.01564 |
+---------------+---------+---------+---------+
|       0.10000 | 1.27736 | 1.26612 | 0.01532 |
+---------------+---------+---------+---------+
|       0.15000 | 1.27669 | 1.26434 | 0.01592 |
+---------------+---------+---------+---------+
|       0.20000 | 1.27580 | 1.26318 | 0.01516 |
+---------------+---------+---------+---------+
|       0.25000 | 1.27410 | 1.26703 | 0.01543 |
+---------------+---------+---------+---------+
|       0.30000 | 1.27401 | 1.26494 | 0.01602 |
+---------------+---------+---------+---------+
|       0.35000 | 1.27517 | 1.26558 | 0.01485 |
+---------------+---------+---------+---------+
|       0.40000 | 1.27677 | 1.26243 | 0.01551 |
+---------------+---------+---------+---------+
|       0.45000 | 1.27482 | 1.26475 | 0.01696 |
+---------------+---------+---------+---------+
|       0.50000 | 1.27274 | 1.26478 | 0.01557 |
+---------------+---------+---------+---------+
|       0.55000 | 1.28006 | 1.26517 | 0.01361 |
+---------------+---------+---------+---------+
|       0.60000 | 1.27526 | 1.26349 | 0.01308 |
+---------------+---------+---------+---------+
|       0.65000 | 1.27356 | 1.26508 | 0.01633 |
+---------------+---------+---------+---------+
|       0.70000 | 1.27180 | 1.26683 | 0.01326 |
+---------------+---------+---------+---------+
|       0.75000 | 1.27102 | 1.26418 | 0.01749 |
+---------------+---------+---------+---------+
|       0.80000 | 1.28076 | 1.26158 | 0.01026 |
+---------------+---------+---------+---------+
|       0.85000 | 1.27388 | 1.26495 | 0.01344 |
+---------------+---------+---------+---------+
|       0.90000 | 1.27156 | 1.26525 | 0.01342 |
+---------------+---------+---------+---------+
|       0.95000 | 1.26860 | 1.26623 | 0.01698 |
+---------------+---------+---------+---------+
|       1.00000 | 1.27531 | 1.26645 | 0.01491 |
+---------------+---------+---------+---------+