+---------------+---------+---------+---------+
|   Noisy Level |      PU |      AU |    M PU |
+===============+=========+=========+=========+
|       0.05000 | 1.32683 | 1.31859 | 0.02132 |
+---------------+---------+---------+---------+
|       0.10000 | 1.32629 | 1.31835 | 0.02115 |
+---------------+---------+---------+---------+
|       0.15000 | 1.32769 | 1.31680 | 0.02103 |
+---------------+---------+---------+---------+
|       0.20000 | 1.32677 | 1.31762 | 0.02092 |
+---------------+---------+---------+---------+
|       0.25000 | 1.32463 | 1.31905 | 0.02234 |
+---------------+---------+---------+---------+
|       0.30000 | 1.32838 | 1.32404 | 0.02164 |
+---------------+---------+---------+---------+
|       0.35000 | 1.32241 | 1.31863 | 0.02253 |
+---------------+---------+---------+---------+
|       0.40000 | 1.32633 | 1.31910 | 0.02158 |
+---------------+---------+---------+---------+
|       0.45000 | 1.33029 | 1.31912 | 0.02365 |
+---------------+---------+---------+---------+
|       0.50000 | 1.32209 | 1.31902 | 0.02186 |
+---------------+---------+---------+---------+
|       0.55000 | 1.33012 | 1.31663 | 0.02274 |
+---------------+---------+---------+---------+
|       0.60000 | 1.32932 | 1.32267 | 0.02229 |
+---------------+---------+---------+---------+
|       0.65000 | 1.32645 | 1.31985 | 0.02000 |
+---------------+---------+---------+---------+
|       0.70000 | 1.32840 | 1.31839 | 0.02190 |
+---------------+---------+---------+---------+
|       0.75000 | 1.32465 | 1.31770 | 0.02426 |
+---------------+---------+---------+---------+
|       0.80000 | 1.31684 | 1.31784 | 0.02398 |
+---------------+---------+---------+---------+
|       0.85000 | 1.32067 | 1.31760 | 0.02157 |
+---------------+---------+---------+---------+
|       0.90000 | 1.33046 | 1.31579 | 0.02672 |
+---------------+---------+---------+---------+
|       0.95000 | 1.31812 | 1.31924 | 0.02100 |
+---------------+---------+---------+---------+
|       1.00000 | 1.32164 | 1.31787 | 0.02405 |
+---------------+---------+---------+---------+