+---------------+---------+---------+---------+
|   Noisy Level |      PU |      AU |    M PU |
+===============+=========+=========+=========+
|       0.05000 | 1.17556 | 1.19033 | 0.02311 |
+---------------+---------+---------+---------+
|       0.10000 | 1.17494 | 1.19060 | 0.02351 |
+---------------+---------+---------+---------+
|       0.15000 | 1.17543 | 1.18739 | 0.02301 |
+---------------+---------+---------+---------+
|       0.20000 | 1.17766 | 1.18844 | 0.02207 |
+---------------+---------+---------+---------+
|       0.25000 | 1.17477 | 1.18862 | 0.02312 |
+---------------+---------+---------+---------+
|       0.30000 | 1.17314 | 1.18881 | 0.02239 |
+---------------+---------+---------+---------+
|       0.35000 | 1.17726 | 1.18817 | 0.02257 |
+---------------+---------+---------+---------+
|       0.40000 | 1.17786 | 1.19085 | 0.02226 |
+---------------+---------+---------+---------+
|       0.45000 | 1.17521 | 1.18901 | 0.02118 |
+---------------+---------+---------+---------+
|       0.50000 | 1.17194 | 1.19015 | 0.02067 |
+---------------+---------+---------+---------+
|       0.55000 | 1.17201 | 1.18686 | 0.02026 |
+---------------+---------+---------+---------+
|       0.60000 | 1.17173 | 1.18965 | 0.02188 |
+---------------+---------+---------+---------+
|       0.65000 | 1.18117 | 1.19017 | 0.02077 |
+---------------+---------+---------+---------+
|       0.70000 | 1.18188 | 1.19224 | 0.02368 |
+---------------+---------+---------+---------+
|       0.75000 | 1.17122 | 1.18528 | 0.02331 |
+---------------+---------+---------+---------+
|       0.80000 | 1.17339 | 1.18671 | 0.02288 |
+---------------+---------+---------+---------+
|       0.85000 | 1.18240 | 1.18998 | 0.01886 |
+---------------+---------+---------+---------+
|       0.90000 | 1.17046 | 1.18914 | 0.02090 |
+---------------+---------+---------+---------+
|       0.95000 | 1.17858 | 1.18752 | 0.01891 |
+---------------+---------+---------+---------+
|       1.00000 | 1.17115 | 1.18903 | 0.02387 |
+---------------+---------+---------+---------+