+---------------+---------+---------+---------+
|   Noisy Level |      PU |      AU |    M PU |
+===============+=========+=========+=========+
|       0.05000 | 1.07323 | 1.09217 | 0.01545 |
+---------------+---------+---------+---------+
|       0.10000 | 1.07109 | 1.08976 | 0.01553 |
+---------------+---------+---------+---------+
|       0.15000 | 1.07225 | 1.09691 | 0.01532 |
+---------------+---------+---------+---------+
|       0.20000 | 1.07240 | 1.09323 | 0.01564 |
+---------------+---------+---------+---------+
|       0.25000 | 1.07256 | 1.09145 | 0.01491 |
+---------------+---------+---------+---------+
|       0.30000 | 1.07147 | 1.09085 | 0.01507 |
+---------------+---------+---------+---------+
|       0.35000 | 1.07006 | 1.09428 | 0.01617 |
+---------------+---------+---------+---------+
|       0.40000 | 1.07275 | 1.09322 | 0.01554 |
+---------------+---------+---------+---------+
|       0.45000 | 1.07867 | 1.09173 | 0.01691 |
+---------------+---------+---------+---------+
|       0.50000 | 1.07410 | 1.09118 | 0.01737 |
+---------------+---------+---------+---------+
|       0.55000 | 1.07669 | 1.09491 | 0.01551 |
+---------------+---------+---------+---------+
|       0.60000 | 1.06816 | 1.09098 | 0.01479 |
+---------------+---------+---------+---------+
|       0.65000 | 1.06973 | 1.09154 | 0.01522 |
+---------------+---------+---------+---------+
|       0.70000 | 1.07216 | 1.09369 | 0.01661 |
+---------------+---------+---------+---------+
|       0.75000 | 1.07835 | 1.09438 | 0.01169 |
+---------------+---------+---------+---------+
|       0.80000 | 1.07217 | 1.09350 | 0.01395 |
+---------------+---------+---------+---------+
|       0.85000 | 1.05808 | 1.08966 | 0.01357 |
+---------------+---------+---------+---------+
|       0.90000 | 1.07098 | 1.09523 | 0.01767 |
+---------------+---------+---------+---------+
|       0.95000 | 1.07066 | 1.08963 | 0.01537 |
+---------------+---------+---------+---------+
|       1.00000 | 1.06819 | 1.09006 | 0.01301 |
+---------------+---------+---------+---------+