+---------------+---------+---------+---------+
|   Noisy Level |      PU |      AU |    M PU |
+===============+=========+=========+=========+
|       0.05000 | 1.53742 | 1.50388 | 0.02667 |
+---------------+---------+---------+---------+
|       0.10000 | 1.53847 | 1.50479 | 0.02667 |
+---------------+---------+---------+---------+
|       0.15000 | 1.53776 | 1.50267 | 0.02682 |
+---------------+---------+---------+---------+
|       0.20000 | 1.53491 | 1.50423 | 0.02504 |
+---------------+---------+---------+---------+
|       0.25000 | 1.53571 | 1.50362 | 0.02620 |
+---------------+---------+---------+---------+
|       0.30000 | 1.53357 | 1.50303 | 0.02778 |
+---------------+---------+---------+---------+
|       0.35000 | 1.53557 | 1.50325 | 0.02733 |
+---------------+---------+---------+---------+
|       0.40000 | 1.53367 | 1.50543 | 0.02897 |
+---------------+---------+---------+---------+
|       0.45000 | 1.52572 | 1.50440 | 0.02985 |
+---------------+---------+---------+---------+
|       0.50000 | 1.54197 | 1.50362 | 0.02772 |
+---------------+---------+---------+---------+
|       0.55000 | 1.53915 | 1.50487 | 0.02768 |
+---------------+---------+---------+---------+
|       0.60000 | 1.53239 | 1.50410 | 0.03061 |
+---------------+---------+---------+---------+
|       0.65000 | 1.53094 | 1.50497 | 0.02936 |
+---------------+---------+---------+---------+
|       0.70000 | 1.53587 | 1.50401 | 0.02960 |
+---------------+---------+---------+---------+
|       0.75000 | 1.52794 | 1.50356 | 0.02872 |
+---------------+---------+---------+---------+
|       0.80000 | 1.52878 | 1.50413 | 0.02836 |
+---------------+---------+---------+---------+
|       0.85000 | 1.52491 | 1.50253 | 0.03151 |
+---------------+---------+---------+---------+
|       0.90000 | 1.52766 | 1.50337 | 0.02395 |
+---------------+---------+---------+---------+
|       0.95000 | 1.52886 | 1.50578 | 0.03006 |
+---------------+---------+---------+---------+
|       1.00000 | 1.52993 | 1.50063 | 0.02970 |
+---------------+---------+---------+---------+