+---------------+---------+---------+---------+
|   Noisy Level |      PU |      AU |    M PU |
+===============+=========+=========+=========+
|       0.05000 | 1.14284 | 1.15881 | 0.01105 |
+---------------+---------+---------+---------+
|       0.10000 | 1.14387 | 1.15983 | 0.01209 |
+---------------+---------+---------+---------+
|       0.15000 | 1.14296 | 1.16158 | 0.01098 |
+---------------+---------+---------+---------+
|       0.20000 | 1.13920 | 1.15887 | 0.01128 |
+---------------+---------+---------+---------+
|       0.25000 | 1.14282 | 1.15793 | 0.01065 |
+---------------+---------+---------+---------+
|       0.30000 | 1.14436 | 1.15909 | 0.01315 |
+---------------+---------+---------+---------+
|       0.35000 | 1.14218 | 1.15967 | 0.01365 |
+---------------+---------+---------+---------+
|       0.40000 | 1.14790 | 1.15762 | 0.01520 |
+---------------+---------+---------+---------+
|       0.45000 | 1.14339 | 1.15648 | 0.01238 |
+---------------+---------+---------+---------+
|       0.50000 | 1.14769 | 1.15835 | 0.01183 |
+---------------+---------+---------+---------+
|       0.55000 | 1.13796 | 1.16020 | 0.01322 |
+---------------+---------+---------+---------+
|       0.60000 | 1.14097 | 1.15807 | 0.01499 |
+---------------+---------+---------+---------+
|       0.65000 | 1.13184 | 1.15857 | 0.01061 |
+---------------+---------+---------+---------+
|       0.70000 | 1.15234 | 1.16128 | 0.01445 |
+---------------+---------+---------+---------+
|       0.75000 | 1.14068 | 1.15910 | 0.00845 |
+---------------+---------+---------+---------+
|       0.80000 | 1.14377 | 1.15841 | 0.01292 |
+---------------+---------+---------+---------+
|       0.85000 | 1.15118 | 1.16098 | 0.00970 |
+---------------+---------+---------+---------+
|       0.90000 | 1.14011 | 1.15800 | 0.01495 |
+---------------+---------+---------+---------+
|       0.95000 | 1.14426 | 1.15882 | 0.01051 |
+---------------+---------+---------+---------+
|       1.00000 | 1.14159 | 1.15841 | 0.00880 |
+---------------+---------+---------+---------+