+---------------+---------+---------+---------+
|   Noisy Level |      PU |      AU |    M PU |
+===============+=========+=========+=========+
|       0.05000 | 1.22958 | 1.24276 | 0.01759 |
+---------------+---------+---------+---------+
|       0.10000 | 1.23242 | 1.24509 | 0.01787 |
+---------------+---------+---------+---------+
|       0.15000 | 1.23062 | 1.24543 | 0.01725 |
+---------------+---------+---------+---------+
|       0.20000 | 1.22862 | 1.24703 | 0.01781 |
+---------------+---------+---------+---------+
|       0.25000 | 1.23276 | 1.24459 | 0.01734 |
+---------------+---------+---------+---------+
|       0.30000 | 1.23110 | 1.24433 | 0.01648 |
+---------------+---------+---------+---------+
|       0.35000 | 1.22635 | 1.24638 | 0.01760 |
+---------------+---------+---------+---------+
|       0.40000 | 1.22996 | 1.24469 | 0.01792 |
+---------------+---------+---------+---------+
|       0.45000 | 1.23296 | 1.24746 | 0.01915 |
+---------------+---------+---------+---------+
|       0.50000 | 1.23045 | 1.24456 | 0.01602 |
+---------------+---------+---------+---------+
|       0.55000 | 1.22859 | 1.24197 | 0.01659 |
+---------------+---------+---------+---------+
|       0.60000 | 1.22803 | 1.24724 | 0.01614 |
+---------------+---------+---------+---------+
|       0.65000 | 1.22738 | 1.24534 | 0.01751 |
+---------------+---------+---------+---------+
|       0.70000 | 1.23488 | 1.24236 | 0.01765 |
+---------------+---------+---------+---------+
|       0.75000 | 1.22847 | 1.24459 | 0.01991 |
+---------------+---------+---------+---------+
|       0.80000 | 1.23738 | 1.24495 | 0.01637 |
+---------------+---------+---------+---------+
|       0.85000 | 1.22882 | 1.24166 | 0.01895 |
+---------------+---------+---------+---------+
|       0.90000 | 1.22501 | 1.24346 | 0.02217 |
+---------------+---------+---------+---------+
|       0.95000 | 1.23612 | 1.24351 | 0.02253 |
+---------------+---------+---------+---------+
|       1.00000 | 1.22402 | 1.24134 | 0.01314 |
+---------------+---------+---------+---------+