+---------------+---------+---------+---------+
|   Noisy Level |      PU |      AU |    M PU |
+===============+=========+=========+=========+
|       0.05000 | 1.20211 | 1.20872 | 0.03509 |
+---------------+---------+---------+---------+
|       0.10000 | 1.20163 | 1.20332 | 0.03542 |
+---------------+---------+---------+---------+
|       0.15000 | 1.20079 | 1.21123 | 0.03479 |
+---------------+---------+---------+---------+
|       0.20000 | 1.20110 | 1.20760 | 0.03556 |
+---------------+---------+---------+---------+
|       0.25000 | 1.19841 | 1.20929 | 0.03538 |
+---------------+---------+---------+---------+
|       0.30000 | 1.19808 | 1.20846 | 0.03713 |
+---------------+---------+---------+---------+
|       0.35000 | 1.20662 | 1.20568 | 0.03709 |
+---------------+---------+---------+---------+
|       0.40000 | 1.20207 | 1.20805 | 0.03569 |
+---------------+---------+---------+---------+
|       0.45000 | 1.19592 | 1.20296 | 0.03613 |
+---------------+---------+---------+---------+
|       0.50000 | 1.19829 | 1.20432 | 0.03685 |
+---------------+---------+---------+---------+
|       0.55000 | 1.20732 | 1.20747 | 0.03567 |
+---------------+---------+---------+---------+
|       0.60000 | 1.20545 | 1.20570 | 0.03974 |
+---------------+---------+---------+---------+
|       0.65000 | 1.20011 | 1.20578 | 0.03632 |
+---------------+---------+---------+---------+
|       0.70000 | 1.20458 | 1.20839 | 0.04143 |
+---------------+---------+---------+---------+
|       0.75000 | 1.20916 | 1.20855 | 0.03530 |
+---------------+---------+---------+---------+
|       0.80000 | 1.21404 | 1.20424 | 0.03896 |
+---------------+---------+---------+---------+
|       0.85000 | 1.19641 | 1.20366 | 0.03721 |
+---------------+---------+---------+---------+
|       0.90000 | 1.19141 | 1.20718 | 0.03729 |
+---------------+---------+---------+---------+
|       0.95000 | 1.19965 | 1.20609 | 0.03972 |
+---------------+---------+---------+---------+
|       1.00000 | 1.20459 | 1.20705 | 0.04025 |
+---------------+---------+---------+---------+