+---------------+---------+---------+----------+
|   Noisy Level |      PU |      AU |     M PU |
+===============+=========+=========+==========+
|       0.05000 | 1.45698 | 1.43256 | -0.00731 |
+---------------+---------+---------+----------+
|       0.10000 | 1.45699 | 1.43196 | -0.00771 |
+---------------+---------+---------+----------+
|       0.15000 | 1.45384 | 1.43084 | -0.00817 |
+---------------+---------+---------+----------+
|       0.20000 | 1.45537 | 1.43159 | -0.00777 |
+---------------+---------+---------+----------+
|       0.25000 | 1.45646 | 1.43277 | -0.00886 |
+---------------+---------+---------+----------+
|       0.30000 | 1.45562 | 1.43096 | -0.00721 |
+---------------+---------+---------+----------+
|       0.35000 | 1.45000 | 1.43259 | -0.00762 |
+---------------+---------+---------+----------+
|       0.40000 | 1.45948 | 1.43070 | -0.00994 |
+---------------+---------+---------+----------+
|       0.45000 | 1.45336 | 1.43151 | -0.00708 |
+---------------+---------+---------+----------+
|       0.50000 | 1.45437 | 1.43253 | -0.00964 |
+---------------+---------+---------+----------+
|       0.55000 | 1.45118 | 1.43040 | -0.00762 |
+---------------+---------+---------+----------+
|       0.60000 | 1.45273 | 1.43285 | -0.01142 |
+---------------+---------+---------+----------+
|       0.65000 | 1.44552 | 1.43364 | -0.00944 |
+---------------+---------+---------+----------+
|       0.70000 | 1.45145 | 1.43244 | -0.00785 |
+---------------+---------+---------+----------+
|       0.75000 | 1.44505 | 1.43317 | -0.00786 |
+---------------+---------+---------+----------+
|       0.80000 | 1.45612 | 1.43274 | -0.01017 |
+---------------+---------+---------+----------+
|       0.85000 | 1.44943 | 1.43254 | -0.01161 |
+---------------+---------+---------+----------+
|       0.90000 | 1.44564 | 1.43406 | -0.01478 |
+---------------+---------+---------+----------+
|       0.95000 | 1.44783 | 1.43220 | -0.01132 |
+---------------+---------+---------+----------+
|       1.00000 | 1.44496 | 1.43035 | -0.01015 |
+---------------+---------+---------+----------+