+---------------+---------+---------+----------+
|   Noisy Level |      PU |      AU |     M PU |
+===============+=========+=========+==========+
|       0.05000 | 1.17626 | 1.18908 |  0.00816 |
+---------------+---------+---------+----------+
|       0.10000 | 1.17512 | 1.18980 |  0.00820 |
+---------------+---------+---------+----------+
|       0.15000 | 1.17549 | 1.18629 |  0.00791 |
+---------------+---------+---------+----------+
|       0.20000 | 1.17724 | 1.18600 |  0.00829 |
+---------------+---------+---------+----------+
|       0.25000 | 1.17546 | 1.19157 |  0.00743 |
+---------------+---------+---------+----------+
|       0.30000 | 1.17804 | 1.18628 |  0.00723 |
+---------------+---------+---------+----------+
|       0.35000 | 1.17268 | 1.18713 |  0.00651 |
+---------------+---------+---------+----------+
|       0.40000 | 1.17614 | 1.18697 |  0.00743 |
+---------------+---------+---------+----------+
|       0.45000 | 1.17842 | 1.19099 |  0.00795 |
+---------------+---------+---------+----------+
|       0.50000 | 1.17477 | 1.19115 |  0.00710 |
+---------------+---------+---------+----------+
|       0.55000 | 1.17324 | 1.18847 |  0.00816 |
+---------------+---------+---------+----------+
|       0.60000 | 1.17715 | 1.19022 |  0.00694 |
+---------------+---------+---------+----------+
|       0.65000 | 1.17339 | 1.18724 |  0.00744 |
+---------------+---------+---------+----------+
|       0.70000 | 1.17770 | 1.18711 |  0.00567 |
+---------------+---------+---------+----------+
|       0.75000 | 1.17189 | 1.19049 |  0.00084 |
+---------------+---------+---------+----------+
|       0.80000 | 1.17772 | 1.18885 |  0.00814 |
+---------------+---------+---------+----------+
|       0.85000 | 1.16541 | 1.18642 |  0.00587 |
+---------------+---------+---------+----------+
|       0.90000 | 1.17889 | 1.19088 |  0.00535 |
+---------------+---------+---------+----------+
|       0.95000 | 1.16971 | 1.18747 |  0.00915 |
+---------------+---------+---------+----------+
|       1.00000 | 1.17679 | 1.18955 | -0.00022 |
+---------------+---------+---------+----------+